Simplex-Algorithmus:
N0: -9.541114831668972
N1: 777.5390561342672
N2: 102.79565963294513
lambda1: 0.13567908037665172
lambda2: 0.015056416209410076

Conjugate Gradient:
N0: 16.3782244358427
N1: 703.2841648981574
N2: 99.94581582903677
lambda1: 0.08888701514957574
lambda2: 22.78498246094294